6
118
184
249
313
378
443
507
572
638
703
768
834
900
964
1030
1095
1160
1226
1290
1354
1420
1484
1548
1613
1685
1749
1813
1881
1945
2009
2074
2141
2207
2271
2335
2405
2469
2534
2599
2663
2731
2795
2861
2925
2989
3053
3117
3181
3245
3309
3373
3437
3501
3565
3629
3693
3757
3918
3982
4046
4110
4174
4238
4302
4366
4430
4494
4602
4713
4777
4841
4908
4978
5044
5108
5172
5236
5300
5428
5533
5652
5792
5899
5975
6345
6479
6653
6717
6781
6845
6909
6973
7037
7101
7165
8459
8558
8629
8702
8778
8844
8917
9009
9086
9164
9240
9313
9377
9472
9556
9640
9704
9769
9834
9898
9962
10029
10095
10162
10228
10292
10362
10427
10491
10559
10628
10698
10762
10833
10902
10969
11038
11105
11173
11239
11307
11373
11442
11510
11576
11645
11710
11777
11846
11913
11978
12048
12122
12190
12262
12333
12397
12461
12525
12590
12654
12719
12786
12856
12920
12984
13048
13112
13176
13240
13304
13368
13433
13499
13573
13645
13718
13786
13858
13930
14000
14069
14154
14218
14288
14360
14427
14497
14571
14640
14709
14778
14852
14938
15002
15069
15143
15213
15280
15350
15421
15492
15563
15631
15702
16982
17056
17195
17363
17503
17696
17791
17900
17964
18066
18130
18232
18408
18510
18574
18676
18740
19389
19549
19638
19714
19787
19851
19915
19980
20151
20225
20334
20404
20472
20542
20609
20674
20742
20932
21655
22468
23131
23199
23271
23344
23408
23472
23536
23600
23664
23728
23792
23856
23926
23992
24122
24278
24342
24483
24548
24612
24676
24740
24804
24868
24942
25012
25076
25140
25204
25268
25332
25396
25460
25524
25588
25652
25815
25879
25943
26007
26071
26135
26199
26263
26327
26391
26455
26519
26583
26647
26711
26775
26839
26903
26967
27031
27095
27159
27224
27288
27353
27417
27481
27545
27609
27673
27737
27801
27865
27929
27993
28057
28121
28185
28249
28313
28377
28441
28505
28569
28634
28698
28762
28826
28890
28954
29018
29082
29146
29229
29397
29461
29525
29646
29786
29888
29990
30055
30119
30183
30247
30311
30375
30439
30506
30574
30638
30709
30773
30837
30901
30965
31029
31095
31159
31269
31385
31523
31690
31818
31966
32130
32265
32329
32393
32457
32521
32585
32649
32713
32777
32841
32905
32969
33070
33275
33452
33516
33580
33644
33777
33841
33905
34022
34131
34195
34259
34323
34387
34451
34515
34579
34643
34707
34771
34835
34900
34964
35028
35092
35156
35220
35284
35348
35412
35476
35544
35628
35710
35778
35842
35906
35970
36061
36178
36323
36523
36657
36757
36821
36885
37052
37191
37338
37440
37557
37661
37773
37846
38116
38180
38244
38310
38374
38451
38563
38641
38720
38796
38860
38943
39024
39118
39275
39444
39543
39712
39977
40370
41142
41206
41427
41491
41555
41652
41753
42022
42086
42169
42427
42511
42597
42737
42906
43110
43352
43556
43753
43823
43936
44068
44137
44201
44265
44329
44393
44457
44667
44881
44983
45088
45152
45241
45306
45370
45434
45498
45562
45626
45690
45754
45818
45882
45946
46010
46074
46138
46202
46266
46330
46413
46515
46669
46738
46807
46871
46935
46999
47063
47165
47232
47296
47360
47425
47489
47553
47617
47681
47745
47809
47903
47967
48031
48095
48159
48226
48311
48375
48439
48503
48567
48631
48695
48897
49031
49329
49416
49509
49700
49786
49858
50023
50150
50214
50396
50460
50620
51498
51562
51626
51690
51754
51870
51934
51998
52062
52184
52248
52328
52392
52456
52520
52584
52652
52718
52787
52852
52916
52980
53044
53111
53175
53239
53303
53369
53435
53517
53586
53655
53730
53805
53874
53940
54004
54069
54133
54197
54261
54325
54389
54453
54517
54581
54645
54709
54774
54838
54902
54968
61133
61197
61261
61326
61393
61457
61521
61585
61649
61713
61777
61841
61905
61969
62033
62097
62161
62225
62289
62353
62922
62988
63347
63431
63495
63567
63632
63698
63952
64081
64164
64238
64531
64598
65167
65304
65372
65449
65527
65598
66239
66423
66487
66551
66673
66777
66841
66945
67035
67103
67167
67251
67364
67485
67582
67647
67844
67934
68019
68115
68344
68431
68573
68662
69038
69607
69794
69921
70064
70248
70459
70551
70634
70715
70798
70884
70977
71061
71146
71223
71312
71394
71475
71570
71655
71736
71827
71919
71997
72089
72169
72258
72342
72427
72509
72595
72689
72786
72870
72958
73045
73132
73215
73291
73378
73465
73555
73649
73740
73830
73914
73994
74084
74167
74255
74341
74437
74527
74611
74693
74783
74879
74964
75055
75148
75223
75307
75397
75490
75587
75674
75761
75851
75940
76016
76107
76193
76280
76377
76455
76545
76630
76720
76814
76889
76989
77080
77163
77263
77330
77398
77465
77569
77645
77716
77798
77886
77971
78040
78104
78201
78307
78406
78514
78614
78734
78817
78902
78991
79074
79229
79379
79493
79597
79679
79773
79890
79993
80067
80154
80246
80330
80424
80520
80608
80714
80860
80944
81047
81169
81306
81440
81548
81655
81762
81863
81988
82093
82197
82303
82418
82521
82617
82711
82824
82930
83038
83154
83289
83394
83498
83599
83707
83822
83937
84059
84156
84252
84360
84473
84571
84681
84798
84878
84948
85023
85094
85168
85238
85310
85382
85465
85541
85612
85692
85782
85865
85958
86046
86138
86227
86315
86389
86461
86531
86601
86676
86749
86821
86900
86990
87130
87263
87395
87474
87568
87648
87737
87829
87914
88002
88101
88196
88277
88355
88430
88519
88624
88733
88846
88946
89025
89094
89184
89284
89406
89484
89593
89708
89793
89900
89994
90075
90172
90424
90633
90872
91001
91092
91177
91254
91331
91504
91671
91746
91827
91943
92099
92174
92254
92351
92440
92557
92637
92715
92803
